639369067064,,,
639369021597,,,
639369089981,,,
639369014596,,,
639369007314,,,
639369056063,,,
639369006334,,,
639369081482,,,
639369021800,,,
639369027176,,,
639369033026,,,
639369095638,,,
639369042567,,,
639369050663,,,
639369089517,,,
639369091161,,,
639369057140,,,
639369002900,,,
639369090663,,,
639369030567,,,
639369015649,,,
639369021394,,,
639369029875,,,
639369059771,,,
639369089228,,,
639369013693,,,
639369075239,,,
639369003979,,,
639369044091,,,
639369004864,,,
639369012336,,,
639369003316,,,
639369033286,,,
639369028970,,,
639369090713,,,
639369036121,,,
639369024065,,,
639369016559,,,
639369007567,,,
639369025053,,,
639369001619,,,
639369093022,,,
639369027695,,,
639369092779,,,
639369067570,,,
639369005830,,,
639369010153,,,
639369011029,,,
639369027211,,,
639369063004,,,
639369002717,,,
639369062978,,,
639369029477,,,
639369003012,,,
639369004873,,,
639369041847,,,
639369018526,,,
639369025808,,,
639369050813,,,
639369071626,,,
639369014759,,,
639369082828,,,
639369008099,,,
639369061311,,,
639369055772,,,
639369027458,,,
639369001146,,,
639369081186,,,
639369098533,,,
639369059027,,,
639369000144,,,
639369075253,,,
639369096221,,,
639369050803,,,
639369060516,,,
639369032168,,,
639369066923,,,
639369040328,,,
639369057755,,,
639369002447,,,
