639369013698,,,
639369021597,,,
639369067064,,,
639369058221,,,
639369024010,,,
639369044502,,,
639369050092,,,
639369020648,,,
639369089981,,,
639369014596,,,
639369007314,,,
639369056063,,,
639369006334,,,
639369081482,,,
639369057801,,,
639369021800,,,
639369030892,,,
639369027176,,,
639369033026,,,
639369064978,,,
639369095638,,,
639369007466,,,
639369028403,,,
639369064729,,,
639369029202,,,
639369042567,,,
639369056936,,,
639369025678,,,
639369073271,,,
639369026043,,,
639369014755,,,
639369008501,,,
639369040680,,,
639369066754,,,
639369037831,,,
639369028393,,,
639369050663,,,
639369089517,,,
639369005006,,,
639369090521,,,
639369036823,,,
639369091206,,,
639369065361,,,
639369065378,,,
639369024347,,,
639369015370,,,
639772887235,,,
639369030586,,,
639369090217,,,
639772872087,,,
639772879553,,,
639369014192,,,
639369091023,,,
639369099301,,,
639369099406,,,
639369031084,,,
639772888577,,,
639772878133,,,
639772899177,,,
639772883135,,,
639772889147,,,
639772894168,,,
639772894166,,,
639369025443,,,
639772878430,,,
639772888122,,,
639369038020,,,
639369099481,,,
639369018770,,,
639369099484,,,
639369027956,,,
639369001386,,,
639369013780,,,
639772881300,,,
639772881299,,,
639369021033,,,
639369042744,,,
639772882820,,,
639772880702,,,
639772800097,,,
639772886102,,,
639772805295,,,
639772881141,,,
639772882786,,,
639772882779,,,
639772882780,,,
639772882782,,,
639772882781,,,
639772882778,,,
639772882777,,,
639772882776,,,
639772882824,,,
639772882822,,,
639772882821,,,
639772882758,,,
639772882819,,,
639772882787,,,
639772882823,,,
639772882784,,,
639772882783,,,
639772887093,,,
639369004140,,,
639369036999,,,
639772880045,,,
639772881353,,,
639772880544,,,
639369014635,,,
639772865161,,,
639772876036,,,
639772881052,,,
639772882765,,,
639772881766,,,
639772881751,,,
639772885349,,,
639369059495,,,
639369089104,,,
639772878340,,,
639772878339,,,
639772842018,,,
639772842016,,,
639369091161,,,
639369057140,,,
639369028799,,,
639369063618,,,
639369002900,,,
639369094568,,,
639369090663,,,
639369055938,,,
639369030567,,,
639369023726,,,
639369015649,,,
639772800403,,,
639369026868,,,
639772800240,,,
639369072536,,,
639369027911,,,
639369015005,,,
639369021394,,,
639369029875,,,
639369013545,,,
639369060972,,,
639369092388,,,
639369003085,,,
639369059771,,,
639369067163,,,
639369039200,,,
639369024480,,,
639369047620,,,
639369093915,,,
639369089228,,,
639369019292,,,
639369008135,,,
639369013693,,,
639369009403,,,
639369083072,,,
639369063899,,,
639369075239,,,
639369029698,,,
639369096975,,,
639369020115,,,
639369003979,,,
639369025801,,,
639369034602,,,
639369044091,,,
639369023909,,,
639369046600,,,
639369022428,,,
639369004864,,,
639369012336,,,
639369040771,,,
639369063685,,,
639369054325,,,
639369011786,,,
639369031035,,,
639369057520,,,
639369006264,,,
639369015438,,,
639369038012,,,
639369003316,,,
639369025396,,,
639369090127,,,
639369066100,,,
639369059600,,,
639369090154,,,
639369033286,,,
639369028970,,,
639369053446,,,
639369097953,,,
639369090713,,,
639369024719,,,
639369063284,,,
639369000463,,,
639369054815,,,
639369030731,,,
639369028548,,,
639369079713,,,
639369036121,,,
639369058184,,,
639369027934,,,
639369093189,,,
639369028094,,,
639369029158,,,
639369079921,,,
639369010225,,,
639369009328,,,
639369046969,,,
639369014041,,,
639369034382,,,
639369047781,,,
639369085536,,,
639369021301,,,
639369040319,,,
639369036323,,,
639369064128,,,
639369064129,,,
639369024065,,,
639369048040,,,
639369091487,,,
639369035756,,,
639369089405,,,
639369005875,,,
639369026297,,,
639369089571,,,
639369086673,,,
639369016559,,,
639369018307,,,
639369023698,,,
639369066391,,,
639369067445,,,
639369013346,,,
639369007567,,,
639369015182,,,
639369084465,,,
639369012963,,,
639369025053,,,
639369067991,,,
639369086579,,,
639369028698,,,
639369086772,,,
639369057867,,,
639369000208,,,
639369001619,,,
639369021874,,,
639369096248,,,
639369062208,,,
639369000234,,,
639369093022,,,
639369003011,,,
639369034562,,,
639369058134,,,
639369085577,,,
639369081914,,,
639369064648,,,
639369055210,,,
639369005926,,,
639369025789,,,
639369034372,,,
639369027695,,,
639369028523,,,
639369024408,,,
639369032671,,,
639369033306,,,
639369013891,,,
639369011859,,,
639369092779,,,
639369002596,,,
639369089578,,,
639369067570,,,
639369005830,,,
639369010153,,,
639369092095,,,
639369076354,,,
639369007138,,,
639369027225,,,
639369012811,,,
639369027973,,,
639369094015,,,
639369016041,,,
639369032119,,,
639369032613,,,
639369035629,,,
639369030417,,,
639369030404,,,
639369011029,,,
639369018309,,,
639369011867,,,
639369018858,,,
639369000450,,,
639369025540,,,
639369031296,,,
639369027211,,,
639369014222,,,
639369062941,,,
639369062939,,,
639369033795,,,
639369007546,,,
639369033672,,,
639369014638,,,
639369029993,,,
639369001173,,,
639369063004,,,
639369030065,,,
639369092418,,,
639369002717,,,
639369005822,,,
639369090725,,,
639369046255,,,
639369062978,,,
639369033664,,,
639369082124,,,
639369029477,,,
639369014194,,,
639369001143,,,
639369003012,,,
639369030139,,,
639369031258,,,
639369031508,,,
639369039079,,,
639369091895,,,
639369007251,,,
639369050707,,,
639369058574,,,
639369026688,,,
639369014306,,,
639369098303,,,
639369084584,,,
639369029473,,,
639369004873,,,
639369004382,,,
639369006260,,,
639369010392,,,
639369037976,,,
639369041847,,,
639369020075,,,
639369047684,,,
639369075228,,,
639369086064,,,
639369090799,,,
639369034409,,,
639369065063,,,
639369018526,,,
639369004990,,,
639369044453,,,
639369001428,,,
639369025808,,,
639369050813,,,
639369068182,,,
639369039444,,,
639369012866,,,
639369071626,,,
639369073218,,,
639369001448,,,
639369014759,,,
639369082828,,,
639369008099,,,
639369090648,,,
639369061311,,,
639369055772,,,
639369051210,,,
639369027458,,,
639369001146,,,
639369081186,,,
639369098533,,,
639369059027,,,
639369000144,,,
639369063133,,,
639369057718,,,
639369072865,,,
639369075253,,,
639369096221,,,
639369050803,,,
639369089835,,,
639369060516,,,
639369021634,,,
639369021340,,,
639369045198,,,
639369005031,,,
639369032168,,,
639369066923,,,
639369022858,,,
639369040328,,,
639369057755,,,
639369008231,,,
639369002447,,,
